
Point: 180.0,80.0
Line:  180.0,80.0,239.0,80.0
Line:  239.0,79.0,239.0,75.0
Line:  238.55278640450004,74.10557280900008,235.42229123600032,67.84458247200067
Line:  234.667610668363,67.1884900693388,231.64888839781372,64.56412045869135
Line:  230.74246196230024,64.14175673273664,224.3974769137059,61.18521065105377
Line:  223.45115901361066,60.86197322754066,218.71956951313464,59.245786109975114
Line:  217.72815200137785,59.376519875246046,213.76248195435053,59.89945493632976
Line:  212.88186227372802,60.373278720135886,208.47876387061564,62.742397639166526
Line:  208.27911228128548,63.72226459078698,207.08120274530464,69.60146630050966
Line:  207.1692181838895,70.59758541114387,207.96135713115345,79.56265740685186

Point: 182.0,44.0
Line:  182.9996144206527,44.027767067240354,217.98611914349786,44.99961442065272

Point: 212.0,43.0
Line:  212.70710678118655,42.292893218813454,215.53553390593274,39.46446609406726
Line:  215.8917579871625,38.53006553544584,217.67287839331127,33.85806274233875
Line:  217.39828683917938,32.896501783065,216.02532906852014,28.088696986696256
Line:  215.43052502737132,27.28482625540107,213.05130886277612,24.069343330220335

Point: 199.0,20.0
Circle:199.0,20.0,204.0,-7.0

Point: 186.0,-19.0
Line:  187.0,-19.0,219.0,-19.0
Line:  219.0,-20.0,219.0,-20.0
Line:  219.51449575542753,-20.857492925712545,221.57247877713763,-24.287464628562724
Line:  221.1824620993353,-25.208272421229594,220.01241206592832,-27.970695799230203
Line:  219.38876306216827,-28.752400295897004,216.27051804336804,-32.66092277923103
Line:  215.2712494923097,-32.622681925870104,199.2829526753763,-32.01082827209531

Point: 215.0,-31.0
Line:  215.70710678118652,-31.707106781186546,220.65685424949237,-36.656854249492376
Line:  220.3833341125359,-37.61872052641414,218.19517301688427,-45.31365074178819
Line:  217.19541496815359,-45.33564719600776,187.20267350623334,-45.99554082259498

Point: 224.0,-49.0
Line:  224.91914503001806,-49.39391929857917,230.4340152101264,-51.75743509005417
Line:  230.87363363295367,-52.6556197271477,232.6321073242629,-56.248358275521824
Line:  232.39714021473176,-57.220361597243816,231.22230466707617,-62.08037820585379
Line:  230.57102561937603,-62.83921652989048,227.31463038087537,-66.63340815007392
Line:  226.39167348456073,-66.24850482773805,221.77688900298736,-64.32398821605867
Line:  221.1190357981098,-63.57084204111495,218.48762297859966,-60.558257341340095
Line:  217.488132128364,-60.526350597614595,201.49627852459315,-60.015842698006615

Point: 190.0,-60.0
Point: 129.0,152.0