Point: 106.0,167.0
Line:  106.0,167.0,134.87533526377095,198.86243891174723
Line:  134.87533526377095,198.86243891174723,140.56061219857764,190.63579766670955
Line:  140.56061219857764,190.63579766670955,141.9017289998283,180.72613542597685
Line:  141.9017289998283,180.72613542597685,136.43847105336445,173.57401597714212
Line:  136.43847105336445,173.57401597714212,128.78654287815354,171.23992189133213
Line:  128.78654287815354,171.23992189133213,120.08864916824525,180.90152864234088
Point: 126.0,148.0
Line:  126.0,148.0,140.55567601591062,164.49643281803202
Line:  140.55567601591062,164.49643281803202,140.94902816347974,160.51582054251423
Line:  140.94902816347974,160.51582054251423,142.88862641559192,160.0280105176035
Line:  142.88862641559192,160.0280105176035,145.40188174603526,158.38985678733331
Line:  145.40188174603526,158.38985678733331,149.83842564866748,156.08397773586142
Line:  149.83842564866748,156.08397773586142,150.8958514031766,153.27651433027611
Line:  150.8958514031766,153.27651433027611,150.99452290142477,148.2774880315422
Point: 166.0,133.0
Circle:166.0,133.0,149.0,124.0
Point: 162.0,109.0
Line:  162.0,109.0,177.65679655978798,119.76404763485424
Line:  177.65679655978798,119.76404763485424,177.92920461626767,116.7764409253349
Line:  177.92920461626767,116.7764409253349,180.89625981052725,114.09379605986774
Line:  180.89625981052725,114.09379605986774,181.96561194815024,108.18985788219675
Line:  181.96561194815024,108.18985788219675,170.4125974568754,100.28240214951045
Point: 181.0,108.0
Line:  181.0,108.0,185.64238345442627,106.14304661822948
Line:  185.64238345442627,106.14304661822948,187.86231669112522,104.1251525613971
Line:  187.86231669112522,104.1251525613971,187.9957485404469,100.12737868815383
Line:  187.9957485404469,100.12737868815383,176.0584038295623,91.04443856650181
Point: 201.0,104.0
Line:  201.0,104.0,206.69209978830307,102.10263340389896
Line:  206.69209978830307,102.10263340389896,210.31284346524194,98.65441426557449
Line:  210.31284346524194,98.65441426557449,212.96277188992306,91.10604494869108
Line:  212.96277188992306,91.10604494869108,208.54776062325212,85.6739481606019
Line:  208.54776062325212,85.6739481606019,202.0673095231156,83.02748759245821
Line:  202.0673095231156,83.02748759245821,198.46822108280907,84.77292805229976
Line:  198.46822108280907,84.77292805229976,194.88825942034015,86.55726952613625
Line:  194.88825942034015,86.55726952613625,190.03686838395944,83.02682975011332
Point: 184.0,78.0
